1.000000	1.000000	
0.997006	1.003003	
0.994030	1.006006	
0.991071	1.009009	
0.988131	1.012012	
0.985207	1.015015	
0.982301	1.018018	
0.979412	1.021021	
0.976540	1.024024	
0.973684	1.027027	
0.970845	1.030030	
0.968023	1.033033	
0.965217	1.036036	
0.962428	1.039039	
0.959654	1.042042	
0.956897	1.045045	
0.954155	1.048048	
0.951429	1.051051	
0.948718	1.054054	
0.946023	1.057057	
0.943343	1.060060	
0.940678	1.063063	
0.938028	1.066066	
0.935393	1.069069	
0.932773	1.072072	
0.930168	1.075075	
0.927577	1.078078	
0.925000	1.081081	
0.922438	1.084084	
0.919890	1.087087	
0.917355	1.090090	
0.914835	1.093093	
0.912329	1.096096	
0.909836	1.099099	
0.907357	1.102102	
0.904891	1.105105	
0.902439	1.108108	
0.900000	1.111111	
0.897574	1.114114	
0.895161	1.117117	
0.892761	1.120120	
0.890374	1.123123	
0.888000	1.126126	
0.885638	1.129129	
0.883289	1.132132	
0.880952	1.135135	
0.878628	1.138138	
0.876316	1.141141	
0.874016	1.144144	
0.871728	1.147147	
0.869452	1.150150	
0.867188	1.153153	
0.864935	1.156156	
0.862694	1.159159	
0.860465	1.162162	
0.858247	1.165165	
0.856041	1.168168	
0.853846	1.171171	
0.851662	1.174174	
0.849490	1.177177	
0.847328	1.180180	
0.845178	1.183183	
0.843038	1.186186	
0.840909	1.189189	
0.838791	1.192192	
0.836683	1.195195	
0.834586	1.198198	
0.832500	1.201201	
0.830424	1.204204	
0.828358	1.207207	
0.826303	1.210210	
0.824257	1.213213	
0.822222	1.216216	
0.820197	1.219219	
0.818182	1.222222	
0.816176	1.225225	
0.814181	1.228228	
0.812195	1.231231	
0.810219	1.234234	
0.808252	1.237237	
0.806295	1.240240	
0.804348	1.243243	
0.802410	1.246246	
0.800481	1.249249	
0.798561	1.252252	
0.796651	1.255255	
0.794749	1.258258	
0.792857	1.261261	
0.790974	1.264264	
0.789100	1.267267	
0.787234	1.270270	
0.785377	1.273273	
0.783529	1.276276	
0.781690	1.279279	
0.779859	1.282282	
0.778037	1.285285	
0.776224	1.288288	
0.774419	1.291291	
0.772622	1.294294	
0.770833	1.297297	
0.769053	1.300300	
0.767281	1.303303	
0.765517	1.306306	
0.763761	1.309309	
0.762014	1.312312	
0.760274	1.315315	
0.758542	1.318318	
0.756818	1.321321	
0.755102	1.324324	
0.753394	1.327327	
0.751693	1.330330	
0.750000	1.333333	
0.748315	1.336336	
0.746637	1.339339	
0.744966	1.342342	
0.743304	1.345345	
0.741648	1.348348	
0.740000	1.351351	
0.738359	1.354354	
0.736726	1.357357	
0.735099	1.360360	
0.733480	1.363363	
0.731868	1.366366	
0.730263	1.369369	
0.728665	1.372372	
0.727074	1.375375	
0.725490	1.378378	
0.723913	1.381381	
0.722343	1.384384	
0.720779	1.387387	
0.719222	1.390390	
0.717672	1.393393	
0.716129	1.396396	
0.714592	1.399399	
0.713062	1.402402	
0.711538	1.405405	
0.710021	1.408408	
0.708511	1.411411	
0.707006	1.414414	
0.705508	1.417417	
0.704017	1.420420	
0.702532	1.423423	
0.701053	1.426426	
0.699580	1.429429	
0.698113	1.432432	
0.696653	1.435435	
0.695198	1.438438	
0.693750	1.441441	
0.692308	1.444444	
0.690871	1.447447	
0.689441	1.450450	
0.688017	1.453453	
0.686598	1.456456	
0.685185	1.459459	
0.683778	1.462462	
0.682377	1.465465	
0.680982	1.468468	
0.679592	1.471471	
0.678208	1.474474	
0.676829	1.477477	
0.675456	1.480480	
0.674089	1.483483	
0.672727	1.486486	
0.671371	1.489489	
0.670020	1.492492	
0.668675	1.495495	
0.667335	1.498498	
0.666000	1.501502	
0.664671	1.504505	
0.663347	1.507508	
0.662028	1.510511	
0.660714	1.513514	
0.659406	1.516517	
0.658103	1.519520	
0.656805	1.522523	
0.655512	1.525526	
0.654224	1.528529	
0.652941	1.531532	
0.651663	1.534535	
0.650391	1.537538	
0.649123	1.540541	
0.647860	1.543544	
0.646602	1.546547	
0.645349	1.549550	
0.644101	1.552553	
0.642857	1.555556	
0.641618	1.558559	
0.640385	1.561562	
0.639155	1.564565	
0.637931	1.567568	
0.636711	1.570571	
0.635496	1.573574	
0.634286	1.576577	
0.633080	1.579580	
0.631879	1.582583	
0.630682	1.585586	
0.629490	1.588589	
0.628302	1.591592	
0.627119	1.594595	
0.625940	1.597598	
0.624765	1.600601	
0.623596	1.603604	
0.622430	1.606607	
0.621269	1.609610	
0.620112	1.612613	
0.618959	1.615616	
0.617811	1.618619	
0.616667	1.621622	
0.615527	1.624625	
0.614391	1.627628	
0.613260	1.630631	
0.612132	1.633634	
0.611009	1.636637	
0.609890	1.639640	
0.608775	1.642643	
0.607664	1.645646	
0.606557	1.648649	
0.605455	1.651652	
0.604356	1.654655	
0.603261	1.657658	
0.602170	1.660661	
0.601083	1.663664	
0.600000	1.666667	
0.598921	1.669670	
0.597846	1.672673	
0.596774	1.675676	
0.595707	1.678679	
0.594643	1.681682	
0.593583	1.684685	
0.592527	1.687688	
0.591474	1.690691	
0.590426	1.693694	
0.589381	1.696697	
0.588339	1.699700	
0.587302	1.702703	
0.586268	1.705706	
0.585237	1.708709	
0.584211	1.711712	
0.583187	1.714715	
0.582168	1.717718	
0.581152	1.720721	
0.580139	1.723724	
0.579130	1.726727	
0.578125	1.729730	
0.577123	1.732733	
0.576125	1.735736	
0.575130	1.738739	
0.574138	1.741742	
0.573150	1.744745	
0.572165	1.747748	
0.571184	1.750751	
0.570205	1.753754	
0.569231	1.756757	
0.568259	1.759760	
0.567291	1.762763	
0.566327	1.765766	
0.565365	1.768769	
0.564407	1.771772	
0.563452	1.774775	
0.562500	1.777778	
0.561551	1.780781	
0.560606	1.783784	
0.559664	1.786787	
0.558725	1.789790	
0.557789	1.792793	
0.556856	1.795796	
0.555927	1.798799	
0.555000	1.801802	
0.554077	1.804805	
0.553156	1.807808	
0.552239	1.810811	
0.551325	1.813814	
0.550413	1.816817	
0.549505	1.819820	
0.548600	1.822823	
0.547697	1.825826	
0.546798	1.828829	
0.545902	1.831832	
0.545008	1.834835	
0.544118	1.837838	
0.543230	1.840841	
0.542345	1.843844	
0.541463	1.846847	
0.540584	1.849850	
0.539708	1.852853	
0.538835	1.855856	
0.537964	1.858859	
0.537097	1.861862	
0.536232	1.864865	
0.535370	1.867868	
0.534510	1.870871	
0.533654	1.873874	
0.532800	1.876877	
0.531949	1.879880	
0.531100	1.882883	
0.530255	1.885886	
0.529412	1.888889	
0.528571	1.891892	
0.527734	1.894895	
0.526899	1.897898	
0.526066	1.900901	
0.525237	1.903904	
0.524409	1.906907	
0.523585	1.909910	
0.522763	1.912913	
0.521944	1.915916	
0.521127	1.918919	
0.520312	1.921922	
0.519501	1.924925	
0.518692	1.927928	
0.517885	1.930931	
0.517081	1.933934	
0.516279	1.936937	
0.515480	1.939940	
0.514683	1.942943	
0.513889	1.945946	
0.513097	1.948949	
0.512308	1.951952	
0.511521	1.954955	
0.510736	1.957958	
0.509954	1.960961	
0.509174	1.963964	
0.508397	1.966967	
0.507622	1.969970	
0.506849	1.972973	
0.506079	1.975976	
0.505311	1.978979	
0.504545	1.981982	
0.503782	1.984985	
0.503021	1.987988	
0.502262	1.990991	
0.501506	1.993994	
0.500752	1.996997	
0.500000	2.000000	
0.499250	2.003003	
0.498503	2.006006	
0.497758	2.009009	
0.497015	2.012012	
0.496274	2.015015	
0.495536	2.018018	
0.494799	2.021021	
0.494065	2.024024	
0.493333	2.027027	
0.492604	2.030030	
0.491876	2.033033	
0.491150	2.036036	
0.490427	2.039039	
0.489706	2.042042	
0.488987	2.045045	
0.488270	2.048048	
0.487555	2.051051	
0.486842	2.054054	
0.486131	2.057057	
0.485423	2.060060	
0.484716	2.063063	
0.484012	2.066066	
0.483309	2.069069	
0.482609	2.072072	
0.481910	2.075075	
0.481214	2.078078	
0.480519	2.081081	
0.479827	2.084084	
0.479137	2.087087	
0.478448	2.090090	
0.477762	2.093093	
0.477077	2.096096	
0.476395	2.099099	
0.475714	2.102102	
0.475036	2.105105	
0.474359	2.108108	
0.473684	2.111111	
0.473011	2.114114	
0.472340	2.117117	
0.471671	2.120120	
0.471004	2.123123	
0.470339	2.126126	
0.469676	2.129129	
0.469014	2.132132	
0.468354	2.135135	
0.467697	2.138138	
0.467041	2.141141	
0.466387	2.144144	
0.465734	2.147147	
0.465084	2.150150	
0.464435	2.153153	
0.463788	2.156156	
0.463143	2.159159	
0.462500	2.162162	
0.461859	2.165165	
0.461219	2.168168	
0.460581	2.171171	
0.459945	2.174174	
0.459310	2.177177	
0.458678	2.180180	
0.458047	2.183183	
0.457418	2.186186	
0.456790	2.189189	
0.456164	2.192192	
0.455540	2.195195	
0.454918	2.198198	
0.454297	2.201201	
0.453678	2.204204	
0.453061	2.207207	
0.452446	2.210210	
0.451832	2.213213	
0.451220	2.216216	
0.450609	2.219219	
0.450000	2.222222	
0.449393	2.225225	
0.448787	2.228228	
0.448183	2.231231	
0.447581	2.234234	
0.446980	2.237237	
0.446381	2.240240	
0.445783	2.243243	
0.445187	2.246246	
0.444593	2.249249	
0.444000	2.252252	
0.443409	2.255255	
0.442819	2.258258	
0.442231	2.261261	
0.441645	2.264264	
0.441060	2.267267	
0.440476	2.270270	
0.439894	2.273273	
0.439314	2.276276	
0.438735	2.279279	
0.438158	2.282282	
0.437582	2.285285	
0.437008	2.288288	
0.436435	2.291291	
0.435864	2.294294	
0.435294	2.297297	
0.434726	2.300300	
0.434159	2.303303	
0.433594	2.306306	
0.433030	2.309309	
0.432468	2.312312	
0.431907	2.315315	
0.431347	2.318318	
0.430789	2.321321	
0.430233	2.324324	
0.429677	2.327327	
0.429124	2.330330	
0.428571	2.333333	
0.428021	2.336336	
0.427471	2.339339	
0.426923	2.342342	
0.426376	2.345345	
0.425831	2.348348	
0.425287	2.351351	
0.424745	2.354354	
0.424204	2.357357	
0.423664	2.360360	
0.423126	2.363363	
0.422589	2.366366	
0.422053	2.369369	
0.421519	2.372372	
0.420986	2.375375	
0.420455	2.378378	
0.419924	2.381381	
0.419395	2.384384	
0.418868	2.387387	
0.418342	2.390390	
0.417817	2.393393	
0.417293	2.396396	
0.416771	2.399399	
0.416250	2.402402	
0.415730	2.405405	
0.415212	2.408408	
0.414695	2.411411	
0.414179	2.414414	
0.413665	2.417417	
0.413151	2.420420	
0.412639	2.423423	
0.412129	2.426426	
0.411619	2.429429	
0.411111	2.432432	
0.410604	2.435435	
0.410099	2.438438	
0.409594	2.441441	
0.409091	2.444444	
0.408589	2.447447	
0.408088	2.450450	
0.407589	2.453453	
0.407090	2.456456	
0.406593	2.459459	
0.406098	2.462462	
0.405603	2.465465	
0.405109	2.468468	
0.404617	2.471471	
0.404126	2.474474	
0.403636	2.477477	
0.403148	2.480480	
0.402660	2.483483	
0.402174	2.486486	
0.401689	2.489489	
0.401205	2.492492	
0.400722	2.495495	
0.400240	2.498498	
0.399760	2.501502	
0.399281	2.504505	
0.398802	2.507508	
0.398325	2.510511	
0.397849	2.513514	
0.397375	2.516517	
0.396901	2.519520	
0.396429	2.522523	
0.395957	2.525526	
0.395487	2.528529	
0.395018	2.531532	
0.394550	2.534535	
0.394083	2.537538	
0.393617	2.540541	
0.393152	2.543544	
0.392689	2.546547	
0.392226	2.549550	
0.391765	2.552553	
0.391304	2.555556	
0.390845	2.558559	
0.390387	2.561562	
0.389930	2.564565	
0.389474	2.567568	
0.389019	2.570571	
0.388565	2.573574	
0.388112	2.576577	
0.387660	2.579580	
0.387209	2.582583	
0.386760	2.585586	
0.386311	2.588589	
0.385863	2.591592	
0.385417	2.594595	
0.384971	2.597598	
0.384527	2.600601	
0.384083	2.603604	
0.383641	2.606607	
0.383199	2.609610	
0.382759	2.612613	
0.382319	2.615616	
0.381881	2.618619	
0.381443	2.621622	
0.381007	2.624625	
0.380571	2.627628	
0.380137	2.630631	
0.379704	2.633634	
0.379271	2.636637	
0.378840	2.639640	
0.378409	2.642643	
0.377980	2.645646	
0.377551	2.648649	
0.377123	2.651652	
0.376697	2.654655	
0.376271	2.657658	
0.375847	2.660661	
0.375423	2.663664	
0.375000	2.666667	
0.374578	2.669670	
0.374157	2.672673	
0.373737	2.675676	
0.373318	2.678679	
0.372900	2.681682	
0.372483	2.684685	
0.372067	2.687688	
0.371652	2.690691	
0.371237	2.693694	
0.370824	2.696697	
0.370412	2.699700	
0.370000	2.702703	
0.369589	2.705706	
0.369180	2.708709	
0.368771	2.711712	
0.368363	2.714715	
0.367956	2.717718	
0.367550	2.720721	
0.367144	2.723724	
0.366740	2.726727	
0.366337	2.729730	
0.365934	2.732733	
0.365532	2.735736	
0.365132	2.738739	
0.364732	2.741742	
0.364333	2.744745	
0.363934	2.747748	
0.363537	2.750751	
0.363141	2.753754	
0.362745	2.756757	
0.362350	2.759760	
0.361957	2.762763	
0.361564	2.765766	
0.361171	2.768769	
0.360780	2.771772	
0.360390	2.774775	
0.360000	2.777778	
0.359611	2.780781	
0.359223	2.783784	
0.358836	2.786787	
0.358450	2.789790	
0.358065	2.792793	
0.357680	2.795796	
0.357296	2.798799	
0.356913	2.801802	
0.356531	2.804805	
0.356150	2.807808	
0.355769	2.810811	
0.355390	2.813814	
0.355011	2.816817	
0.354633	2.819820	
0.354255	2.822823	
0.353879	2.825826	
0.353503	2.828829	
0.353128	2.831832	
0.352754	2.834835	
0.352381	2.837838	
0.352008	2.840841	
0.351637	2.843844	
0.351266	2.846847	
0.350896	2.849850	
0.350526	2.852853	
0.350158	2.855856	
0.349790	2.858859	
0.349423	2.861862	
0.349057	2.864865	
0.348691	2.867868	
0.348326	2.870871	
0.347962	2.873874	
0.347599	2.876877	
0.347237	2.879880	
0.346875	2.882883	
0.346514	2.885886	
0.346154	2.888889	
0.345794	2.891892	
0.345436	2.894895	
0.345078	2.897898	
0.344720	2.900901	
0.344364	2.903904	
0.344008	2.906907	
0.343653	2.909910	
0.343299	2.912913	
0.342945	2.915916	
0.342593	2.918919	
0.342240	2.921922	
0.341889	2.924925	
0.341538	2.927928	
0.341189	2.930931	
0.340839	2.933934	
0.340491	2.936937	
0.340143	2.939940	
0.339796	2.942943	
0.339450	2.945946	
0.339104	2.948949	
0.338759	2.951952	
0.338415	2.954955	
0.338071	2.957958	
0.337728	2.960961	
0.337386	2.963964	
0.337045	2.966967	
0.336704	2.969970	
0.336364	2.972973	
0.336024	2.975976	
0.335685	2.978979	
0.335347	2.981982	
0.335010	2.984985	
0.334673	2.987988	
0.334337	2.990991	
0.334002	2.993994	
0.333667	2.996997	
0.333333	3.000000	
0.333000	3.003003	
0.332667	3.006006	
0.332335	3.009009	
0.332004	3.012012	
0.331673	3.015015	
0.331343	3.018018	
0.331014	3.021021	
0.330685	3.024024	
0.330357	3.027027	
0.330030	3.030030	
0.329703	3.033033	
0.329377	3.036036	
0.329051	3.039039	
0.328727	3.042042	
0.328402	3.045045	
0.328079	3.048048	
0.327756	3.051051	
0.327434	3.054054	
0.327112	3.057057	
0.326791	3.060060	
0.326471	3.063063	
0.326151	3.066066	
0.325832	3.069069	
0.325513	3.072072	
0.325195	3.075075	
0.324878	3.078078	
0.324561	3.081081	
0.324245	3.084084	
0.323930	3.087087	
0.323615	3.090090	
0.323301	3.093093	
0.322987	3.096096	
0.322674	3.099099	
0.322362	3.102102	
0.322050	3.105105	
0.321739	3.108108	
0.321429	3.111111	
0.321119	3.114114	
0.320809	3.117117	
0.320500	3.120120	
0.320192	3.123123	
0.319885	3.126126	
0.319578	3.129129	
0.319271	3.132132	
0.318966	3.135135	
0.318660	3.138138	
0.318356	3.141141	
0.318052	3.144144	
0.317748	3.147147	
0.317445	3.150150	
0.317143	3.153153	
0.316841	3.156156	
0.316540	3.159159	
0.316239	3.162162	
0.315939	3.165165	
0.315640	3.168168	
0.315341	3.171171	
0.315043	3.174174	
0.314745	3.177177	
0.314448	3.180180	
0.314151	3.183183	
0.313855	3.186186	
0.313559	3.189189	
0.313264	3.192192	
0.312970	3.195195	
0.312676	3.198198	
0.312383	3.201201	
0.312090	3.204204	
0.311798	3.207207	
0.311506	3.210210	
0.311215	3.213213	
0.310924	3.216216	
0.310634	3.219219	
0.310345	3.222222	
0.310056	3.225225	
0.309767	3.228228	
0.309480	3.231231	
0.309192	3.234234	
0.308905	3.237237	
0.308619	3.240240	
0.308333	3.243243	
0.308048	3.246246	
0.307763	3.249249	
0.307479	3.252252	
0.307196	3.255255	
0.306912	3.258258	
0.306630	3.261261	
0.306348	3.264264	
0.306066	3.267267	
0.305785	3.270270	
0.305505	3.273273	
0.305225	3.276276	
0.304945	3.279279	
0.304666	3.282282	
0.304388	3.285285	
0.304110	3.288288	
0.303832	3.291291	
0.303555	3.294294	
0.303279	3.297297	
0.303003	3.300300	
0.302727	3.303303	
0.302452	3.306306	
0.302178	3.309309	
0.301904	3.312312	
0.301630	3.315315	
0.301357	3.318318	
0.301085	3.321321	
0.300813	3.324324	
0.300542	3.327327	
0.300271	3.330330	
0.300000	3.333333	
0.299730	3.336336	
0.299460	3.339339	
0.299191	3.342342	
0.298923	3.345345	
0.298655	3.348348	
0.298387	3.351351	
0.298120	3.354354	
0.297853	3.357357	
0.297587	3.360360	
0.297321	3.363363	
0.297056	3.366366	
0.296791	3.369369	
0.296527	3.372372	
0.296263	3.375375	
0.296000	3.378378	
0.295737	3.381381	
0.295475	3.384384	
0.295213	3.387387	
0.294951	3.390390	
0.294690	3.393393	
0.294430	3.396396	
0.294170	3.399399	
0.293910	3.402402	
0.293651	3.405405	
0.293392	3.408408	
0.293134	3.411411	
0.292876	3.414414	
0.292619	3.417417	
0.292362	3.420420	
0.292105	3.423423	
0.291849	3.426426	
0.291594	3.429429	
0.291339	3.432432	
0.291084	3.435435	
0.290830	3.438438	
0.290576	3.441441	
0.290323	3.444444	
0.290070	3.447447	
0.289817	3.450450	
0.289565	3.453453	
0.289314	3.456456	
0.289062	3.459459	
0.288812	3.462462	
0.288562	3.465465	
0.288312	3.468468	
0.288062	3.471471	
0.287813	3.474474	
0.287565	3.477477	
0.287317	3.480480	
0.287069	3.483483	
0.286822	3.486486	
0.286575	3.489489	
0.286328	3.492492	
0.286082	3.495495	
0.285837	3.498498	
0.285592	3.501502	
0.285347	3.504505	
0.285103	3.507508	
0.284859	3.510511	
0.284615	3.513514	
0.284372	3.516517	
0.284130	3.519520	
0.283887	3.522523	
0.283646	3.525526	
0.283404	3.528529	
0.283163	3.531532	
0.282923	3.534535	
0.282683	3.537538	
0.282443	3.540541	
0.282203	3.543544	
0.281964	3.546547	
0.281726	3.549550	
0.281488	3.552553	
0.281250	3.555556	
0.281013	3.558559	
0.280776	3.561562	
0.280539	3.564565	
0.280303	3.567568	
0.280067	3.570571	
0.279832	3.573574	
0.279597	3.576577	
0.279362	3.579580	
0.279128	3.582583	
0.278894	3.585586	
0.278661	3.588589	
0.278428	3.591592	
0.278195	3.594595	
0.277963	3.597598	
0.277731	3.600601	
0.277500	3.603604	
0.277269	3.606607	
0.277038	3.609610	
0.276808	3.612613	
0.276578	3.615616	
0.276349	3.618619	
0.276119	3.621622	
0.275891	3.624625	
0.275662	3.627628	
0.275434	3.630631	
0.275207	3.633634	
0.274979	3.636637	
0.274752	3.639640	
0.274526	3.642643	
0.274300	3.645646	
0.274074	3.648649	
0.273849	3.651652	
0.273624	3.654655	
0.273399	3.657658	
0.273175	3.660661	
0.272951	3.663664	
0.272727	3.666667	
0.272504	3.669670	
0.272281	3.672673	
0.272059	3.675676	
0.271837	3.678679	
0.271615	3.681682	
0.271394	3.684685	
0.271173	3.687688	
0.270952	3.690691	
0.270732	3.693694	
0.270512	3.696697	
0.270292	3.699700	
0.270073	3.702703	
0.269854	3.705706	
0.269636	3.708709	
0.269417	3.711712	
0.269200	3.714715	
0.268982	3.717718	
0.268765	3.720721	
0.268548	3.723724	
0.268332	3.726727	
0.268116	3.729730	
0.267900	3.732733	
0.267685	3.735736	
0.267470	3.738739	
0.267255	3.741742	
0.267041	3.744745	
0.266827	3.747748	
0.266613	3.750751	
0.266400	3.753754	
0.266187	3.756757	
0.265974	3.759760	
0.265762	3.762763	
0.265550	3.765766	
0.265339	3.768769	
0.265127	3.771772	
0.264916	3.774775	
0.264706	3.777778	
0.264496	3.780781	
0.264286	3.783784	
0.264076	3.786787	
0.263867	3.789790	
0.263658	3.792793	
0.263449	3.795796	
0.263241	3.798799	
0.263033	3.801802	
0.262826	3.804805	
0.262618	3.807808	
0.262411	3.810811	
0.262205	3.813814	
0.261998	3.816817	
0.261792	3.819820	
0.261587	3.822823	
0.261381	3.825826	
0.261176	3.828829	
0.260972	3.831832	
0.260767	3.834835	
0.260563	3.837838	
0.260360	3.840841	
0.260156	3.843844	
0.259953	3.846847	
0.259750	3.849850	
0.259548	3.852853	
0.259346	3.855856	
0.259144	3.858859	
0.258942	3.861862	
0.258741	3.864865	
0.258540	3.867868	
0.258340	3.870871	
0.258140	3.873874	
0.257940	3.876877	
0.257740	3.879880	
0.257541	3.882883	
0.257342	3.885886	
0.257143	3.888889	
0.256944	3.891892	
0.256746	3.894895	
0.256549	3.897898	
0.256351	3.900901	
0.256154	3.903904	
0.255957	3.906907	
0.255760	3.909910	
0.255564	3.912913	
0.255368	3.915916	
0.255172	3.918919	
0.254977	3.921922	
0.254782	3.924925	
0.254587	3.927928	
0.254393	3.930931	
0.254198	3.933934	
0.254005	3.936937	
0.253811	3.939940	
0.253618	3.942943	
0.253425	3.945946	
0.253232	3.948949	
0.253040	3.951952	
0.252847	3.954955	
0.252656	3.957958	
0.252464	3.960961	
0.252273	3.963964	
0.252082	3.966967	
0.251891	3.969970	
0.251701	3.972973	
0.251511	3.975976	
0.251321	3.978979	
0.251131	3.981982	
0.250942	3.984985	
0.250753	3.987988	
0.250564	3.990991	
0.250376	3.993994	
0.250188	3.996997	
0.250000	4.000000	
